2.5922 1.56092 -0.784108
2.59354 -4.958 -4.56602
-1.28984 -0.743289 -1.55571
-1.76601 1.484 -3.9801
3.3892 0.939809 2.58453
1.00492 2.47646 -2.04569
-1.98106 2.37903 -0.757624
-2.96243 1.04725 3.61011
-2.92725 2.13431 0.143655
-3.93928 -0.774474 3.6495
3.4873 2.33858 2.63141
-4.20607 4.65134 0.556102
-0.867503 -4.31681 1.94568
0.0606285 0.732969 0.905983
-1.90464 -1.82918 1.52441
-2.30699 -0.520381 1.4383
-4.73872 0.771078 -0.499491
2.48985 0.592871 -4.64521
-2.84738 -1.33315 0.493059
-2.76096 -3.02306 1.90019