-1.09126 -2.52481 -5.65578 
1.37589 -2.70325 -10.8112 
3.15544 -2.84014 11.5861 
-2.20799 -2.46669 -21.046 
-2.60154 -1.00253 13.9402 
-0.433864 -1.1543 -32.6714 
0.654239 -1.34474 28.6734 
-1.68465 -0.449177 9.87098 
0.456445 -0.29434 -11.3644 
1.70037 -0.18492 -0.186542 
2.65026 -0.864492 -3.52678 
-0.480947 0.284133 -32.0109 
0.500571 0.722964 -1.2762 
2.09001 0.810724 -15.2579 
-0.811758 1.79973 -7.36989 
0.274217 2.18968 24.4849 
1.29078 1.62943 -4.84059 
-1.78916 2.71829 -4.54329 
-0.659133 2.8513 -12.0634 
2.02312 2.45728 -5.49149 
